3.44394755 8.96339226 -2.34685659 1.9773488 -2.42936087
9.39589024 2.93963814 3.28744793 -4.94844103 -4.91120005
7.99875927 -7.89357948 3.1211853 3.0131712 1.04694891
5.81888294 8.49127769 -0.0797042847 -0.657361031 -0.36438179
3.13825226 8.4305191 9.00585365 0.0790638924 -3.32045484
7.84013891 7.53273964 -3.7933197 4.93845463 0.0813412666
4.4267211 -4.80597496 3.01019096 0.384912014 3.49885845
6.72204399 -8.68084812 -7.15046215 -4.82553244 2.85780954
3.25720978 -7.51231909 -6.37953472 3.34404755 -4.46262598
4.92409277 7.17204094 2.94044876 -4.48256159 4.9938221
9.83724785 -7.67462873 -3.04287958 2.91544819 -4.61215782
1.08887339 9.15073967 -6.95548439 -4.08291483 -2.23602104
5.83789062 6.6869812 -5.86742687 -3.39664984 -2.29190373
8.58271408 -9.50880241 0.110206604 -1.2778852 0.436086178
6.11739349 -7.3748827 2.23509026 -4.81994247 -0.774793625
3.25130939 0.919237137 -7.68195248 -1.27625513 3.17544174
1.41947412 2.57095146 -7.92221165 2.19484806 -3.18981028
6.54253483 1.97850704 -7.9944582 -3.1069603 3.17635727
8.46188164 -2.03750515 -4.16801977 -2.6716547 0.176318169
1.65509844 3.48321819 8.78402519 4.37396145 3.07497406
8.31028461 -5.68833733 -2.34291935 2.65831232 0.774977207
5.87102079 -5.76163816 0.976296425 -1.71435833 -4.28780079
8.45402813 -4.15313721 -9.52442646 -4.0994873 3.44060707
5.72153282 -9.86493492 -6.50073338 -4.08805466 4.3041687
9.48315525 7.84989929 -7.99963188 -0.320709705 2.35469818
6.15288019 -7.24112415 -9.6801281 -1.17365408 2.08907843
3.77472734 4.81234074 3.14169788 0.901294708 -2.11320877
8.33669472 1.62475014 9.6029892 3.52529907 0.506554604
3.09637499 2.53807068 1.93261719 -0.71392107 -4.12060308
5.2916894 -6.82345676 -0.322840691 0.12270546 -0.0267705917
6.53206587 -7.68587971 -3.92720175 -0.880943775 -4.06613064
7.96436071 9.66780663 3.9557724 -4.32043314 2.32411098
4.63555622 5.2795496 7.24124908 3.29368401 0.265985489
1.93353009 -8.95598316 -7.08305073 3.71868896 -1.03001237
3.2195518 5.11509132 -9.70888424 3.69522285 -0.314186573
